1,01/18/2019,0,2,55,8250
2,06/09/2019,0,2,25,3750
3,03/14/2019,0,3,35,5250
4,01/10/2019,0,2,25,3750
7,07/21/2019,0,4,35,5250
8,02/03/2019,0,2,60,9000
29,04/13/2019,0,4,30,4500
35,05/20/2019,0,4,25,3750
36,01/03/2019,0,4,25,3750
46,02/24/2019,0,4,5,750
50,07/11/2019,0,3,5,750
54,04/18/2019,0,2,45,6750
59,02/11/2019,0,4,20,3000
63,06/11/2019,0,2,55,8250
68,02/18/2019,0,3,30,4500
72,01/21/2019,0,4,45,6750
73,02/11/2019,0,4,55,8250
75,06/09/2019,0,4,90,13500
78,01/17/2019,0,4,40,6000
80,06/22/2019,0,2,50,7500
81,07/15/2019,0,2,30,4500
82,05/23/2019,0,2,25,3750
85,06/24/2019,0,4,60,9000
86,05/16/2019,0,2,40,6000
96,02/02/2019,0,2,60,9000
101,01/03/2019,0,4,120,18000
103,01/28/2019,0,2,10,1500
104,05/05/2019,0,2,35,5250
107,01/04/2019,0,4,10,1500
108,06/07/2019,0,4,35,5250
109,04/26/2019,0,3,35,5250
123,03/26/2019,0,3,60,9000
124,03/14/2019,0,2,5,750
131,04/27/2019,0,3,25,3750
132,06/17/2019,0,4,50,7500
135,07/27/2019,0,3,50,7500
137,06/26/2019,0,3,50,7500
140,02/06/2019,0,4,25,3750
141,04/06/2019,0,3,40,6000
142,02/10/2019,0,3,90,13500
148,01/14/2019,0,3,45,6750
154,04/06/2019,0,4,40,6000
157,05/28/2019,0,4,25,3750
159,06/26/2019,0,2,30,4500
161,04/20/2019,0,2,55,8250
162,05/26/2019,0,4,55,8250
165,01/18/2019,0,4,35,5250
166,03/17/2019,0,4,5,750
172,05/27/2019,0,2,50,7500
178,03/13/2019,0,2,15,2250
184,03/20/2019,0,3,60,9000
186,05/09/2019,0,4,50,7500
188,07/09/2019,0,2,120,18000
192,05/06/2019,0,4,20,3000
195,07/21/2019,0,2,40,6000
202,06/04/2019,0,2,55,8250
207,06/16/2019,0,4,45,6750
209,05/20/2019,0,2,45,6750
211,07/28/2019,0,4,50,7500
214,07/30/2019,0,3,35,5250
217,06/02/2019,0,3,55,8250
218,04/15/2019,0,3,10,1500
224,06/29/2019,0,2,60,9000
225,02/28/2019,0,3,90,13500
229,02/10/2019,0,2,30,4500
235,02/11/2019,0,4,20,3000
236,06/18/2019,0,2,5,750
238,02/22/2019,0,4,120,18000
240,04/26/2019,0,4,45,6750
249,07/08/2019,0,4,50,7500
251,04/05/2019,0,3,35,5250
254,06/22/2019,0,4,20,3000
257,07/14/2019,0,4,5,750
264,04/08/2019,0,2,60,9000
265,05/07/2019,0,4,10,1500
268,01/08/2019,0,3,15,2250
272,07/21/2019,0,2,40,6000
280,02/24/2019,0,4,40,6000
283,01/31/2019,0,3,50,7500
289,03/08/2019,0,3,35,5250
291,01/14/2019,0,2,55,8250
295,07/09/2019,0,2,35,5250
302,06/14/2019,0,3,40,6000
303,02/22/2019,0,4,5,750
306,04/02/2019,0,4,55,8250
308,04/23/2019,0,3,45,6750
311,01/21/2019,0,3,120,18000
320,04/09/2019,0,3,120,18000
321,07/14/2019,0,4,50,7500
327,04/17/2019,0,4,35,5250
328,01/08/2019,0,4,5,750
333,06/05/2019,0,3,10,1500
338,07/21/2019,0,3,45,6750
339,03/04/2019,0,3,45,6750
340,04/30/2019,0,2,30,4500
343,01/27/2019,0,3,20,3000
347,01/27/2019,0,2,90,13500
349,04/23/2019,0,4,90,13500
350,05/27/2019,0,3,40,6000
352,05/17/2019,0,4,20,3000
353,05/04/2019,0,3,35,5250
358,02/03/2019,0,2,120,18000
361,03/14/2019,0,3,50,7500
362,07/15/2019,0,4,40,6000
368,01/14/2019,0,3,90,13500
370,05/23/2019,0,4,55,8250
375,07/06/2019,0,2,25,3750
378,03/28/2019,0,4,20,3000
383,06/11/2019,0,4,45,6750
388,06/15/2019,0,4,50,7500
398,05/17/2019,0,4,90,13500
407,03/23/2019,0,4,15,2250
409,06/23/2019,0,3,15,2250
412,03/07/2019,0,4,10,1500
415,04/27/2019,0,3,55,8250
417,06/13/2019,0,2,60,9000
424,07/29/2019,0,2,5,750
428,05/21/2019,0,3,30,4500
432,04/21/2019,0,4,30,4500
433,01/07/2019,0,4,5,750
436,04/13/2019,0,2,55,8250
438,04/17/2019,0,3,40,6000
442,04/21/2019,0,4,5,750
444,07/05/2019,0,2,15,2250
456,04/08/2019,0,3,35,5250
459,02/15/2019,0,4,5,750
461,07/20/2019,0,2,120,18000
462,05/03/2019,0,4,30,4500
465,01/10/2019,0,4,50,7500
472,02/26/2019,0,3,20,3000
473,01/09/2019,0,2,10,1500
474,07/28/2019,0,3,5,750
476,03/22/2019,0,4,25,3750
478,05/11/2019,0,4,40,6000
479,04/13/2019,0,2,60,9000
480,03/12/2019,0,4,45,6750
482,04/23/2019,0,3,15,2250
483,01/16/2019,0,2,60,9000
490,01/13/2019,0,4,50,7500
492,05/25/2019,0,2,35,5250
493,04/24/2019,0,4,120,18000
495,05/11/2019,0,3,60,9000
498,04/18/2019,0,4,5,750
503,07/02/2019,0,2,55,8250
505,05/06/2019,0,2,50,7500
506,01/07/2019,0,4,25,3750
508,07/10/2019,0,2,90,13500
513,01/11/2019,0,3,25,3750
515,01/27/2019,0,2,45,6750
524,04/29/2019,0,3,5,750
528,04/23/2019,0,2,25,3750
529,06/08/2019,0,2,20,3000
530,01/21/2019,0,3,45,6750
532,01/20/2019,0,2,40,6000
535,02/05/2019,0,4,50,7500
537,04/11/2019,0,4,30,4500
540,04/25/2019,0,3,25,3750
542,05/29/2019,0,2,35,5250
544,06/14/2019,0,4,50,7500
550,01/20/2019,0,2,40,6000
553,03/30/2019,0,4,40,6000
565,04/14/2019,0,3,5,750
578,07/23/2019,0,4,90,13500
585,06/02/2019,0,3,120,18000
590,03/24/2019,0,4,35,5250
592,02/04/2019,0,2,90,13500
593,01/06/2019,0,4,35,5250
594,03/19/2019,0,3,15,2250
597,02/12/2019,0,2,5,750
602,04/03/2019,0,2,35,5250
603,02/25/2019,0,3,20,3000
606,01/24/2019,0,2,60,9000
608,06/30/2019,0,4,10,1500
609,02/24/2019,0,4,20,3000
612,07/19/2019,0,4,10,1500
616,02/16/2019,0,2,45,6750
619,03/18/2019,0,3,35,5250
620,04/19/2019,0,2,30,4500
624,06/18/2019,0,2,20,3000
626,07/15/2019,0,2,15,2250
631,06/29/2019,0,2,5,750
633,05/06/2019,0,4,5,750
636,07/07/2019,0,2,90,13500
637,03/27/2019,0,2,120,18000
642,01/17/2019,0,4,20,3000
652,02/16/2019,0,4,45,6750
657,02/22/2019,0,2,55,8250
676,07/12/2019,0,3,20,3000
682,02/14/2019,0,4,60,9000
686,02/18/2019,0,2,25,3750
689,02/19/2019,0,2,25,3750
690,07/04/2019,0,2,90,13500
695,03/30/2019,0,3,30,4500
699,03/11/2019,0,4,120,18000
702,04/18/2019,0,3,55,8250
703,04/18/2019,0,2,5,750
704,02/16/2019,0,4,40,6000
706,02/02/2019,0,4,20,3000
714,06/06/2019,0,2,60,9000
715,04/10/2019,0,2,15,2250
718,07/24/2019,0,2,35,5250
721,02/17/2019,0,3,25,3750
723,05/05/2019,0,3,90,13500
728,01/01/2019,0,2,55,8250
739,03/12/2019,0,4,90,13500
749,03/04/2019,0,2,55,8250
752,01/08/2019,0,2,35,5250
755,04/24/2019,0,4,120,18000
756,03/13/2019,0,3,30,4500
757,07/13/2019,0,3,15,2250
761,05/01/2019,0,3,120,18000
763,05/31/2019,0,3,30,4500
769,04/18/2019,0,2,90,13500
783,03/03/2019,0,4,35,5250
791,02/08/2019,0,4,55,8250
794,06/30/2019,0,2,20,3000
799,04/30/2019,0,2,5,750
801,02/06/2019,0,2,5,750
805,02/27/2019,0,4,25,3750
810,06/04/2019,0,4,60,9000
812,01/15/2019,0,4,5,750
813,06/15/2019,0,2,30,4500
834,01/18/2019,0,2,60,9000
836,03/17/2019,0,4,20,3000
838,05/09/2019,0,2,5,750
842,04/12/2019,0,2,30,4500
843,02/02/2019,0,4,20,3000
851,02/02/2019,0,4,90,13500
855,05/23/2019,0,2,120,18000
867,03/30/2019,0,2,30,4500
871,06/15/2019,0,3,20,3000
874,01/11/2019,0,4,45,6750
877,02/22/2019,0,4,15,2250
878,03/28/2019,0,3,55,8250
895,01/07/2019,0,2,5,750
896,07/20/2019,0,4,15,2250
898,06/22/2019,0,4,40,6000
902,02/07/2019,0,4,120,18000
906,03/07/2019,0,4,120,18000
908,01/04/2019,0,2,10,1500
920,02/05/2019,0,3,5,750
929,05/31/2019,0,3,20,3000
931,03/14/2019,0,3,30,4500
936,03/11/2019,0,4,30,4500
938,05/03/2019,0,4,50,7500
941,01/27/2019,0,4,60,9000
942,07/02/2019,0,2,5,750
945,04/08/2019,0,2,90,13500
948,02/09/2019,0,2,15,2250
951,04/09/2019,0,4,40,6000
953,05/14/2019,0,3,45,6750
955,01/24/2019,0,3,15,2250
959,07/21/2019,0,3,10,1500
961,03/25/2019,0,4,30,4500
963,01/23/2019,0,3,45,6750
972,03/04/2019,0,4,45,6750
973,07/30/2019,0,4,60,9000
980,02/24/2019,0,4,25,3750
986,04/06/2019,0,4,15,2250
996,07/03/2019,0,4,5,750
998,02/22/2019,0,2,45,6750
